12

0 1 2 3 4 5 6 7 8 9 1 2
8 9 4 5 7 9 8 1 2 3 3 4
4 5 9 8 7 4 2 2 3 5 5 6
4 5 7 8 9 4 2 4 2 2 7 8
1 7 8 5 9 4 4 1 2 3 9 0
7 8 9 8 4 1 2 1 3 4 1 2
8 9 7 5 4 6 8 1 2 4 3 4
2 4 7 8 9 1 5 8 9 7 5 6
2 2 3 1 4 7 5 6 8 2 7 8
4 2 4 8 8 9 4 5 2 7 9 0
1 2 3 4 5 6 7 8 9 0 3 4
4 5 9 8 7 4 2 2 3 5 1 2

8 9 4 5 7 9 8 1 2 3 9 0
7 8 9 8 4 1 2 1 3 4 7 8
2 2 3 1 4 7 5 6 8 2 5 6
1 2 3 4 5 6 7 8 9 0 3 4
4 5 9 8 7 4 2 2 3 5 1 2
9 5 8 1 5 4 7 8 0 2 1 2
9 9 8 1 2 3 4 8 0 0 3 4
7 7 7 8 5 4 6 2 7 8 5 6
8 9 9 7 5 2 4 8 0 0 7 8
2 3 2 4 8 7 5 9 8 0 9 0
7 8 9 8 4 1 2 1 3 4 1 2
8 9 7 5 4 6 8 1 2 4 3 4